m: 9.438048064977854e-19
mabs: 3.137367209963592e-16
stdev: 4.120100533045086e-16
time of custom conv: 178.95330500602722 s
time of scipy conv: 0.019640207290649414 s
